0 20585
1 22681
2 7369
3 5005
4 2974
5 1572
6 756
7 382
8 311
9 306
10 303
11 299
12 302
13 304
14 301
15 301
16 300
17 303
18 302
19 300
20 305
21 304
22 303
23 305
24 301
25 302
26 302
27 299
28 299
29 299
30 302
31 295
32 297
33 297
34 296
35 292
36 291
37 297
38 294
39 290
40 286
41 293
42 294
43 292
44 293
45 291
46 289
47 294
48 289
49 290
50 289
51 292
52 290
53 290
54 292
55 288
56 287
57 286
58 285
59 291
60 286
61 286
62 287
63 287
64 285
65 290
66 285
67 286
68 289
69 288
70 287
71 286
72 290
73 287
74 291
75 290
76 290
77 290
78 283
79 289
80 287
81 290
82 288
83 288
84 288
85 287
86 286
87 287
88 287
89 291
90 289
91 290
92 287
93 290
94 286
95 288
96 288
97 288
98 289
99 287
