3
3
40
20478
15
4 29
1 33 3
1 53 12
1 5 6
1 64 7
1 25 13
2 82 12
1 50 10
1 76 6
1 10 11
1 24 10
2 58 11
1 42 13
2 76 15
2 28 16
1 64 8
15
5 39
0 30 7
0 30 5
0 29 6
0 18 6
0 16 6
0 38 8
0 18 11
0 35 5
0 32 6
0 11 5
0 0 1
0 37 4
0 0 11
0 30 8
0 24 9
15
17 90
0 10 5
0 27 5
0 37 5
0 4 10
0 17 5
0 8 1
0 8 9
0 29 4
0 17 6
0 38 8
0 37 2
0 0 8
0 0 7
0 12 13
0 3 3
3
40
20020
15
4 29
1 33 3
1 53 12
1 5 6
1 64 7
1 25 13
2 82 12
1 50 10
1 76 6
1 10 11
1 24 10
2 58 11
1 42 13
2 76 15
2 28 16
1 64 8
15
5 39
0 30 7
0 30 5
0 29 6
0 18 6
0 16 6
0 39 3
0 25 8
0 29 2
0 34 9
0 2 4
0 41 1
0 33 6
0 39 3
0 25 1
0 29 11
15
17 90
0 10 5
0 27 5
0 37 5
0 4 10
0 17 5
0 41 3
0 16 6
0 31 5
0 23 5
0 38 6
0 29 10
0 40 9
0 4 7
0 3 7
0 10 7
3
40
20159
16
3 65
2 10 14
1 26 9
2 15 14
2 18 7
1 58 9
2 61 11
2 69 13
1 6 7
2 68 4
1 75 11
2 60 12
1 20 13
1 83 7
2 50 12
2 30 12
2 10 5
15
5 39
0 30 7
0 30 5
0 29 6
0 18 6
0 16 6
0 38 8
0 18 11
0 33 11
0 25 5
0 10 10
0 37 14
0 35 4
0 36 3
0 33 4
0 26 11
15
17 90
0 10 5
0 27 5
0 37 5
0 4 10
0 17 5
0 8 1
0 8 9
0 29 5
0 20 3
0 34 8
0 36 6
0 1 8
0 38 2
0 8 12
0 9 4
