21859
27704
22743
22538
17124
17785
16786
16854
20898
21752
17047
22270
13124
17452
28268
22406
21257
21738
22165
13385
27235
27455
17302
17188
16716
17446
17408
13592
27496
27330
22482
13298
17558
21229
22146
17774
17887
17310
22574
13007
13301
13287
13225
16953
17615
9462
16466
22298
15859
12956
22097
21919
13525
21934
16954
27288
13072
16985
17189
21266
21433
13258
22898
17562
17251
9108
17757
26868
21243
22012
12982
9060
16725
17461
13039
12755
21921
17655
17538
16448
22133
17491
13035
12877
13258
17433
12389
12720
17090
22084
17991
17138
17110
17966
12969
17087
27763
13342
17152
17380
16968
26953
21971
9661
16886
12632
21851
27335
21639
22204
6605
22889
27356
21556
22174
27527
17241
22565
13665
13286
13225
13391
21758
22137
22251
22308
21782
21891
17231
27507
27449
13284
27023
13231
18203
22021
12650
21551
17317
22264
26746
17140
18008
18175
22202
12568
17618
16840
22708
21618
18012
27539
17825
22345
9627
22098
17807
17225
22767
22640
27776
17343
22144
17615
28160
22547
13480
16929
17307
17393
9766
22052
17415
27394
22410
17356
17277
13097
17753
17194
16565
13597
17623
27394
13323
22142
22074
12766
27242
13020
17551
12368
9828
22189
22034
22403
17352
13495
13229
17102
17570
9656
22182
13202
17487
17031
21685
17720
27938
22507
22624
17032
21973
17493
17402
27959
16755
17763
17959
22333
22371
21660
9541
21614
22075
22088
9652
6744
17310
21273
22353
17477
17589
17198
27159
22585
21630
17640
21892
22235
17346
28062
22081
12228
22714
22597
17453
22317
21411
23021
21479
9619
12772
16793
17345
17529
22274
17716
17633
12922
16912
13190
13064
22726
26894
17580
17344
13219
22620
17234
12967
17664
26624
27046
17418
17222
17208
21533
17162
13296
16668
22812
21971
13444
17511
18009
22622
27093
16300
22069
21121
9687
21486
22392
17534
22340
17748
21999
22131
23030
21854
22696
17481
13580
17503
17715
16525
17998
17309
17684
21631
16979
21873
13394
21817
16812
17209
27015
17767
27984
16670
13172
22441
17038
17368
27337
17355
21802
17319
21864
12582
17705
16667
17676
27288
17892
17616
16566
9559
17446
17952
13075
17592
17069
17528
13172
9596
21480
17342
18158
17022
12868
16908
17255
13010
17362
26647
17210
16691
16501
22603
22395
17425
27539
12904
21817
22519
17601
26869
12985
20249
22644
22534
22218
21987
13106
17413
27182
27539
6572
13447
9891
16400
27485
17611
17678
22227
16691
13095
17406
17355
21671
22782
13451
22221
22118
22024
17546
17676
21846
21183
17137
17853
18067
17440
17462
22238
22610
9356
13343
16797
21190
13411
6738
17009
21995
22116
22096
21966
17756
16980
13428
17225
27659
12468
21730
13325
17636
22061
26539
17379
27519
22662
13208
12803
6821
21815
22388
13523
13416
26756
13015
17669
12852
27444
21827
16287
9375
21915
17365
27685
12690
21289
12778
22239
12560
13420
13151
22421
21049
16341
28000
26828
17649
13379
20962
17442
12995
21930
21939
17292
27203
17198
21811
12646
22270
17084
17254
22077
17625
21634
9219
21957
22214
22674
22375
17390
13311
17291
27626
12927
17697
17628
9625
17602
16924
21511
17577
17114
13496
13466
13019
21781
27248
13404
17336
17554
27768
26669
17161
21014
21086
13080
17584
17790
22328
21746
21999
13134
27884
17567
12916
17598
26712
13313
21599
22504
27850
13179
17137
12738
21666
27130
27048
13474
21602
13405
16932
21713
17342
16982
27071
22006
17401
21817
6284
22779
17837
9800
21376
18191
21630
17640
9720
9744
17243
17306
22086
17036
28590
17705
17756
17116
22680
17143
13332
27402
22368
26661
27438
13338
21142
17748
16649
27962
22757
17294
17333
12450
13473
22536
17649
22031
16636
16716
12943
23225
13196
13021
17231
17029
12476
22865
12953
21646
22289
22149
17586
27256
17497
13492
22683
17730
17148
27309
17985
17324
25625
22065
22168
21478
27344
22329
21790
13134
12398
21836
17176
17456
22396
22498
22539
28136
21913
17802
27620
16375
17938
27569
15939
27456
17554
13113
13165
22239
21673
21782
17160
17201
16593
16447
17477
23133
16769
22265
17459
13610
13453
21676
22093
13210
27303
27525
26207
13602
22748
17997
12790
17144
9306
22969
13642
27279
22056
17619
22288
17065
22047
22655
17106
9265
27469
27323
16798
22398
27124
20917
12423
13332
17775
21388
17249
17564
17057
22158
21976
22061
17405
12582
22414
12582
21418
21492
22381
16958
21723
17497
21876
12812
13409
9293
13428
9525
16786
17619
13211
9697
17276
9665
21461
12700
22883
17022
9127
21986
22548
22665
22166
16634
22011
13408
27984
9624
16994
17127
22125
12991
13349
16401
17106
13018
22056
17563
22375
17295
9328
17490
17275
21963
13748
16361
17289
17075
22278
17010
21512
17287
17069
13503
17507
22226
23195
17040
21789
28094
27267
27243
17551
21721
13130
27612
21805
13080
12846
17292
21569
17216
23020
17202
9628
16951
27832
17421
22114
17473
16894
13150
12428
22493
16941
22464
17229
13072
22302
17654
16882
21763
22676
23053
17586
13282
21547
17704
27206
17578
17601
28301
26832
21915
27335
21653
27878
17491
13431
17871
13316
22181
28286
13201
22991
17667
17190
22731
17543
21590
27353
17402
17480
17379
21689
27768
17547
17552
22605
17041
22389
27223
13342
17312
17348
12959
22061
22009
25791
21798
21615
13398
17014
27278
17370
21875
17613
26704
21871
16266
17270
22142
26976
22341
26787
17460
13419
17229
17387
17300
22017
17316
16226
22006
26734
21108
21708
21639
12725
13099
22788
16496
16862
28083
27973
27560
22125
21815
21434
13312
17748
21438
17291
21791
17157
26602
22253
12846
21061
21858
17268
27364
13167
17695
17244
17938
21389
15992
26991
16714
21686
16502
17220
17875
22448
13266
12714
17699
27509
22627
17464
27068
27424
21691
27643
16671
16805
21711
21087
13287
21833
22328
17460
22208
21940
17359
22318
12979
13287
17026
17575
17262
13459
17799
17119
17562
22247
17245
22213
17398
22758
13620
22117
16757
28142
17656
13313
9540
22383
21647
21863
22006
21199
27743
13412
17581
17350
12663
16991
27839
17449
22787
16173
17394
22326
12959
22457
17142
13151
12801
17388
22395
9661
22507
17359
21286
21514
16485
22381
22400
22287
12834
17155
13264
17104
17189
21340
22178
13058
22217
13226
21774
18044
21924
13370
17603
17024
13034
17317
21571
26965
17683
28225
17704
17195
