4
1
40
99000
19
7 59
0 6 7
0 35 10
0 32 11
0 33 6
0 12 5
0 11 8
0 19 9
0 28 3
0 20 8
0 11 8
0 0 7
0 35 2
0 33 6
0 24 8
0 16 10
0 16 8
0 0 7
0 11 7
0 4 9
1
40
99001
19
7 59
0 6 7
0 35 10
0 32 11
0 33 6
0 12 5
0 11 8
0 19 9
0 28 3
0 20 8
0 11 8
0 0 7
0 35 2
0 33 6
0 24 8
0 16 10
0 16 8
0 0 7
0 11 7
0 4 9
1
40
99002
19
7 59
0 6 7
0 35 10
0 32 11
0 33 6
0 12 5
0 11 8
0 19 9
0 28 3
0 20 8
0 11 8
0 0 7
0 35 2
0 33 6
0 24 8
0 16 10
0 16 8
0 0 7
0 11 7
0 4 9
1
40
99003
19
7 59
0 6 7
0 35 10
0 32 11
0 33 6
0 12 5
0 11 8
0 19 9
0 28 3
0 20 8
0 11 8
0 0 7
0 35 2
0 33 6
0 24 8
0 16 10
0 16 8
0 0 7
0 11 7
0 4 9
