3
2
40
499000
14
22 29
2 11 13
2 65 14
1 56 9
1 22 12
1 80 6
1 68 6
1 62 12
1 80 4
2 45 4
0 16 2
0 0 2
0 29 9
0 38 3
0 6 9
15
23 15
1 22 8
2 33 1
2 26 7
1 41 2
2 18 9
1 34 9
1 1 12
2 81 4
2 73 5
2 31 6
2 74 9
2 66 8
0 13 10
0 21 10
0 4 3
2
117
499895
14
22 29
0 10 6
0 23 6
0 19 2
0 22 14
0 40 8
0 27 3
0 22 11
0 38 8
0 41 2
0 12 4
0 41 8
0 33 3
0 41 10
0 1 9
15
23 15
0 19 6
0 35 6
0 23 3
0 4 7
0 22 10
0 36 11
0 40 4
0 40 12
0 29 7
0 32 6
0 33 8
0 21 4
0 10 9
0 16 7
0 7 5
2
89
499540
14
22 29
0 8 8
0 28 1
0 9 9
0 27 3
0 34 8
0 26 7
0 17 4
0 41 12
0 6 4
0 21 2
0 3 6
0 27 4
0 33 8
0 3 7
15
23 15
0 26 10
0 36 9
0 25 7
0 37 8
0 19 11
0 35 3
0 1 7
0 37 10
0 32 9
0 27 2
0 30 11
0 22 3
0 11 6
0 26 4
0 41 10
