4
4
40
18000
21
0 40
0 33 7
0 17 4
0 0 14
0 30 12
0 38 13
0 21 3
0 36 6
0 21 6
0 21 0
0 24 9
0 2 7
0 11 4
0 38 8
0 22 11
0 16 2
0 37 8
0 0 4
0 27 4
0 18 4
0 25 6
0 25 5
16
13 76
0 10 3
0 36 3
0 29 2
0 13 5
0 34 7
0 12 1
0 17 3
0 24 8
0 35 1
0 12 3
0 18 8
0 21 3
0 21 9
0 27 6
0 14 2
0 0 3
17
17 40
0 33 11
0 37 4
0 22 6
0 23 2
0 19 9
0 4 4
0 41 8
0 26 5
0 23 3
0 34 7
0 20 1
0 11 11
0 32 6
0 22 3
0 10 6
0 21 9
0 11 4
20
21 87
0 16 4
0 13 4
0 14 5
0 26 13
0 19 7
0 27 1
0 9 9
0 26 12
0 1 7
0 19 5
0 2 5
0 17 9
0 34 2
0 0 6
0 1 10
0 5 9
0 5 3
0 3 8
0 4 0
0 0 11
4
40
18006
21
0 40
0 33 7
0 17 4
0 0 14
0 30 12
0 38 13
0 21 3
0 36 6
0 21 6
0 21 0
0 24 9
0 2 7
0 11 4
0 38 8
0 22 11
0 16 2
0 37 8
0 0 4
0 27 4
0 18 4
0 25 6
0 25 5
16
13 76
0 10 3
0 36 3
0 29 2
0 13 5
0 34 7
0 12 1
0 17 3
0 24 8
0 35 1
0 12 3
0 18 8
0 21 3
0 21 9
0 27 6
0 14 2
0 0 3
17
17 40
0 33 11
0 37 4
0 22 6
0 23 2
0 19 9
0 4 4
0 41 8
0 26 5
0 23 3
0 34 7
0 20 1
0 11 11
0 32 6
0 22 3
0 10 6
0 21 9
0 11 4
20
21 87
0 16 4
0 13 4
0 14 5
0 26 13
0 19 7
0 27 1
0 9 9
0 26 12
0 1 7
0 19 5
0 2 5
0 17 9
0 34 2
0 0 6
0 1 10
0 5 9
0 5 3
0 3 8
0 4 0
0 0 11
4
40
18008
21
0 40
0 33 7
0 17 4
0 0 14
0 30 12
0 38 13
0 21 3
0 36 6
0 21 6
0 21 0
0 24 9
0 2 7
0 11 4
0 38 8
0 22 11
0 16 2
0 37 8
0 0 4
0 27 4
0 18 4
0 25 6
0 25 5
16
13 76
0 10 3
0 36 3
0 29 2
0 13 5
0 34 7
0 12 1
0 17 3
0 24 8
0 35 1
0 12 3
0 18 8
0 21 3
0 21 9
0 27 6
0 14 2
0 0 3
17
17 40
0 33 11
0 37 4
0 22 6
0 23 2
0 19 9
0 4 4
0 41 8
0 26 5
0 23 3
0 34 7
0 20 1
0 11 11
0 32 6
0 22 3
0 10 6
0 21 9
0 11 4
20
21 87
0 16 4
0 13 4
0 14 5
0 26 13
0 19 7
0 27 1
0 9 9
0 26 12
0 1 7
0 19 5
0 2 5
0 17 9
0 34 2
0 0 6
0 1 10
0 5 9
0 5 3
0 3 8
0 4 0
0 0 11
4
40
18009
21
0 40
0 33 7
0 17 4
0 0 14
0 30 12
0 38 13
0 21 3
0 36 6
0 21 6
0 21 0
0 24 9
0 2 7
0 11 4
0 38 8
0 22 11
0 16 2
0 37 8
0 0 4
0 27 4
0 18 4
0 25 6
0 25 5
16
13 76
0 10 3
0 36 3
0 29 2
0 13 5
0 34 7
0 12 1
0 17 3
0 24 8
0 35 1
0 12 3
0 18 8
0 21 3
0 21 9
0 27 6
0 14 2
0 0 3
17
17 40
0 33 11
0 37 4
0 22 6
0 23 2
0 19 9
0 4 4
0 41 8
0 26 5
0 23 3
0 34 7
0 20 1
0 11 11
0 32 6
0 22 3
0 10 6
0 21 9
0 11 4
20
21 87
0 16 4
0 13 4
0 14 5
0 26 13
0 19 7
0 27 1
0 9 9
0 26 12
0 1 7
0 19 5
0 2 5
0 17 9
0 34 2
0 0 6
0 1 10
0 5 9
0 5 3
0 3 8
0 4 0
0 0 11
