4
3
40
100001
21
0 52
0 30 1
0 14 5
0 40 9
0 21 9
0 38 9
0 25 6
0 0 12
0 21 6
0 17 7
0 20 6
0 7 7
0 15 6
0 31 6
0 0 4
0 22 5
0 2 13
0 38 4
0 18 8
0 18 3
0 27 4
0 27 13
16
13 29
0 3 2
0 38 3
0 28 2
0 41 3
0 38 3
0 9 0
0 15 2
0 28 4
0 33 5
0 20 1
0 10 7
0 22 3
0 20 4
0 4 4
0 20 4
0 32 8
17
17 40
0 33 9
0 2 2
0 15 7
0 26 14
0 20 8
0 0 13
0 8 8
0 32 4
0 26 3
0 31 8
0 22 4
0 7 2
0 24 6
0 12 5
0 14 4
0 19 7
0 11 8
3
40
100003
21
0 52
0 30 1
0 14 5
0 40 9
0 21 9
0 38 9
0 25 6
0 0 12
0 21 6
0 17 7
0 20 6
0 7 7
0 15 6
0 31 6
0 0 4
0 22 5
0 2 13
0 38 4
0 18 8
0 18 3
0 27 4
0 27 13
16
13 29
0 3 2
0 38 3
0 28 2
0 41 3
0 38 3
0 9 0
0 15 2
0 28 4
0 33 5
0 20 1
0 10 7
0 22 3
0 20 4
0 4 4
0 20 4
0 32 8
17
17 40
0 33 9
0 2 2
0 15 7
0 26 14
0 20 8
0 0 13
0 8 8
0 32 4
0 26 3
0 31 8
0 22 4
0 7 2
0 24 6
0 12 5
0 14 4
0 19 7
0 11 8
3
40
100004
21
0 52
0 30 1
0 14 5
0 40 9
0 21 9
0 38 9
0 25 6
0 0 12
0 21 6
0 17 7
0 20 6
0 7 7
0 15 6
0 31 6
0 0 4
0 22 5
0 2 13
0 38 4
0 18 8
0 18 3
0 27 4
0 27 13
16
13 29
0 3 2
0 38 3
0 28 2
0 41 3
0 38 3
0 9 0
0 15 2
0 28 4
0 33 5
0 20 1
0 10 7
0 22 3
0 20 4
0 4 4
0 20 4
0 32 8
17
17 40
0 33 9
0 2 2
0 15 7
0 26 14
0 20 8
0 0 13
0 8 8
0 32 4
0 26 3
0 31 8
0 22 4
0 7 2
0 24 6
0 12 5
0 14 4
0 19 7
0 11 8
3
40
100005
21
0 52
0 30 1
0 14 5
0 40 9
0 21 9
0 38 9
0 25 6
0 0 12
0 21 6
0 17 7
0 20 6
0 7 7
0 15 6
0 31 6
0 0 4
0 22 5
0 2 13
0 38 4
0 18 8
0 18 3
0 27 4
0 27 13
16
13 29
0 3 2
0 38 3
0 28 2
0 41 3
0 38 3
0 9 0
0 15 2
0 28 4
0 33 5
0 20 1
0 10 7
0 22 3
0 20 4
0 4 4
0 20 4
0 32 8
17
17 40
0 33 9
0 2 2
0 15 7
0 26 14
0 20 8
0 0 13
0 8 8
0 32 4
0 26 3
0 31 8
0 22 4
0 7 2
0 24 6
0 12 5
0 14 4
0 19 7
0 11 8
