3
2
40
300001
14
22 29
2 11 13
2 65 14
1 56 9
1 22 12
1 80 6
1 68 6
1 62 12
1 80 4
2 45 4
0 16 2
0 0 2
0 29 9
0 0 1
0 2 11
15
23 15
1 22 8
2 33 1
2 26 7
1 41 2
2 18 9
1 34 9
1 1 12
2 81 4
2 73 5
2 31 6
2 74 9
2 66 8
1 9 5
1 67 6
2 9 8
3
40
300688
17
17 59
1 74 10
2 51 4
2 0 7
2 61 11
2 70 8
1 76 8
2 66 8
2 81 9
1 30 11
1 70 4
1 11 10
2 7 14
2 55 15
1 22 15
2 44 9
1 46 9
1 11 2
14
22 29
2 11 13
2 65 14
1 56 9
1 22 12
1 80 6
1 68 6
1 62 12
1 80 4
2 45 4
0 16 2
0 0 2
0 29 9
0 0 1
0 2 11
15
23 15
1 22 8
2 33 1
2 26 7
1 41 2
2 18 9
1 34 9
1 1 12
2 81 4
2 73 5
2 31 6
2 74 9
2 66 8
1 9 5
1 67 6
2 9 8
3
40
300146
16
12 23
2 26 8
2 60 6
2 75 15
2 74 7
2 29 11
2 76 12
1 0 5
1 15 12
1 46 10
1 64 1
2 0 16
2 36 15
2 27 10
2 52 4
2 34 2
1 27 15
14
22 29
2 11 13
2 65 14
1 56 9
1 22 12
1 80 6
1 68 6
1 62 12
1 80 4
2 45 4
0 16 2
0 0 2
0 29 9
0 0 1
0 2 11
15
23 15
1 22 8
2 33 1
2 26 7
1 41 2
2 18 9
1 34 9
1 1 12
2 81 4
2 73 5
2 31 6
2 74 9
2 66 8
1 9 5
1 67 6
2 9 8
