3
2
40
400000
14
22 29
2 11 13
2 65 14
1 56 9
1 22 12
1 80 6
1 68 6
1 62 12
1 80 4
2 45 4
0 16 2
0 0 2
0 29 9
0 38 3
0 6 9
15
23 15
1 22 8
2 33 1
2 26 7
1 41 2
2 18 9
1 34 9
1 1 12
2 81 4
2 73 5
2 31 6
2 74 9
2 66 8
0 13 10
0 21 10
0 4 3
2
42
400950
14
22 29
0 7 11
0 22 5
0 10 8
0 21 3
0 1 11
0 27 6
0 17 5
0 36 10
0 41 11
0 16 2
0 40 1
0 31 8
0 35 8
0 3 12
15
23 15
0 26 12
0 31 6
0 21 10
0 39 5
0 20 11
0 36 4
0 0 6
0 38 1
0 31 7
0 31 2
0 28 8
0 22 5
0 9 9
0 20 2
0 2 5
2
44
400601
14
22 29
0 11 4
0 22 8
0 10 6
0 22 14
0 41 9
0 26 7
0 17 14
0 33 10
0 6 8
0 15 8
0 4 8
0 30 3
0 0 9
0 5 6
15
23 15
0 18 9
0 37 9
0 29 8
0 38 7
0 14 6
0 32 6
0 41 3
0 1 8
0 29 12
0 32 8
0 30 9
0 29 9
0 9 4
0 16 14
0 1 10
