1
4
10
0
69
0 60
0 0 16
0 0 16
0 53 4
0 51 4
0 49 4
0 48 4
0 46 4
0 44 4
0 46 4
0 48 4
0 49 4
0 48 4
0 46 4
0 44 4
0 42 4
0 41 4
0 42 4
0 39 4
0 49 4
0 48 4
0 46 4
0 44 4
0 42 4
0 41 4
0 42 4
0 39 4
0 41 2
0 37 2
0 39 2
0 48 2
0 49 2
0 53 2
0 56 2
0 44 2
0 46 2
0 42 2
0 44 2
0 41 2
0 42 2
0 49 2
1 49 3
0 48 1
0 49 1
0 48 1
0 49 1
0 44 1
0 51 2
0 48 2
0 46 1
0 49 1
0 48 1
0 46 1
0 48 1
0 53 1
0 56 1
0 58 1
0 54 1
0 53 1
0 51 1
0 54 1
0 53 1
0 51 1
0 49 1
0 48 1
0 46 1
0 44 1
0 49 2
0 49 3
0 48 1
64
1 65
0 0 16
0 0 16
0 0 16
0 0 16
0 65 4
0 63 4
0 61 4
0 60 4
0 58 4
0 56 4
0 58 4
0 60 4
0 49 2
0 53 2
0 56 2
0 55 2
0 53 2
0 49 2
0 53 2
0 52 2
0 49 2
0 45 2
0 49 2
0 56 2
0 55 2
0 58 2
0 56 2
0 55 2
0 49 2
0 53 2
0 56 2
0 55 2
0 53 2
0 49 2
0 53 2
0 51 2
0 49 2
0 45 2
0 49 2
0 56 2
0 49 2
0 58 2
0 56 2
0 55 2
0 53 2
0 49 2
0 55 1
0 56 1
0 51 1
0 53 1
0 49 4
0 56 2
0 59 2
0 58 2
0 55 2
0 56 2
0 53 2
0 49 2
0 55 1
0 53 1
0 51 1
0 55 1
0 53 1
0 51 1
38
2 70
0 0 16
0 0 16
0 0 16
0 0 16
0 0 16
0 0 16
0 53 4
0 51 4
0 49 4
0 48 4
0 46 4
0 44 4
0 46 4
0 48 4
0 49 4
0 48 4
0 46 4
0 44 4
0 42 4
0 41 4
0 42 4
0 51 4
0 49 2
0 44 2
0 48 2
0 42 2
0 46 2
0 49 2
0 53 2
0 51 2
0 49 2
0 46 2
0 49 2
0 44 2
0 39 2
0 46 2
0 48 2
0 39 2
51
3 70
0 49 4
0 44 4
0 46 4
0 41 4
0 42 4
0 49 4
0 42 4
0 44 4
0 49 4
0 44 4
0 46 4
0 41 4
0 42 4
0 49 4
0 42 4
0 44 4
0 49 4
0 48 4
0 46 4
0 44 4
0 42 4
0 41 4
0 42 4
0 51 4
0 53 4
0 51 4
0 49 4
0 48 4
0 46 4
0 44 4
0 46 4
0 48 1
0 51 1
0 56 1
0 54 1
0 56 2
0 53 2
0 56 2
0 54 2
0 53 2
0 58 2
0 60 2
0 56 2
0 54 2
0 49 2
0 56 2
0 49 2
0 58 2
0 51 2
0 56 2
0 51 2
