4
14
40
189000
25
1 19
0 29 5
0 13 10
0 8 4
0 0 11
0 5 7
0 3 3
0 20 8
0 4 5
0 22 7
0 13 10
0 0 12
0 8 13
0 29 6
0 2 8
0 2 7
0 30 6
0 3 2
0 3 8
0 31 9
0 30 11
0 41 11
0 26 1
0 33 2
0 22 9
0 3 3
17
2 70
0 2 7
0 41 7
0 34 5
0 20 11
0 19 4
0 13 3
0 21 1
0 18 7
0 33 10
0 31 6
0 24 8
0 17 13
0 8 4
0 11 12
0 25 4
0 39 6
0 41 6
18
3 41
0 36 4
0 33 4
0 15 6
0 30 8
0 41 3
0 21 5
0 8 0
0 26 9
0 33 8
0 13 5
0 6 3
0 13 9
0 7 2
0 29 7
0 34 4
0 0 4
0 33 6
0 8 2
20
4 42
2 39 2
2 49 9
2 30 11
2 21 7
1 20 9
2 9 10
2 48 7
2 18 8
1 81 15
1 40 6
1 0 8
2 42 1
1 25 11
1 64 2
2 50 9
2 21 13
1 76 10
2 43 11
2 26 4
1 67 7
18
5 72
0 11 5
0 9 9
0 35 12
0 35 5
0 19 5
0 8 1
0 25 4
0 10 8
0 4 6
0 38 11
0 18 7
0 9 5
0 12 4
0 35 0
0 15 10
0 8 3
0 38 3
0 1 6
18
6 33
0 13 6
0 30 6
0 25 10
0 1 12
0 0 6
0 2 0
0 9 14
0 28 4
0 18 8
0 10 0
0 35 10
0 25 2
0 0 9
0 19 7
0 35 4
0 22 6
0 14 5
0 14 9
18
8 34
0 37 9
0 35 7
0 33 7
0 12 4
0 0 7
0 5 9
0 32 5
0 5 3
0 1 6
0 25 5
0 22 13
0 0 8
0 0 10
0 7 6
0 23 10
0 8 10
0 0 9
0 0 8
17
12 10
0 37 10
0 38 10
0 33 8
0 7 1
0 3 8
0 0 3
0 12 3
0 17 7
0 31 7
0 34 4
0 22 6
0 32 2
0 20 4
0 4 8
0 3 5
0 14 7
0 11 6
19
13 18
0 32 7
0 4 5
0 30 10
0 0 5
0 39 6
0 17 7
0 2 9
0 10 1
0 1 7
0 22 1
0 39 4
0 36 12
0 14 3
0 10 4
0 21 12
0 10 2
0 4 7
0 32 6
0 39 4
18
14 91
0 8 4
0 14 2
0 0 9
0 39 12
0 29 5
0 3 7
0 40 9
0 34 6
0 9 1
0 4 12
0 30 5
0 37 7
0 37 6
0 19 7
0 9 10
0 3 12
0 30 9
0 14 5
17
16 72
0 17 8
0 13 5
0 22 10
0 24 2
0 32 5
0 41 8
0 28 8
0 25 7
0 4 0
0 2 10
0 29 13
0 30 3
0 0 9
0 2 7
0 23 12
0 9 5
0 17 6
17
18 37
0 10 7
0 17 7
0 14 9
0 0 5
0 7 6
0 21 7
0 1 2
0 22 3
0 13 1
0 16 3
0 11 6
0 23 12
0 40 3
0 19 11
0 35 5
0 27 13
0 39 8
17
20 76
0 13 4
0 32 5
0 35 4
0 19 8
0 27 8
0 35 12
0 3 10
0 1 7
0 16 4
0 20 5
0 17 6
0 0 5
0 38 5
0 7 4
0 24 7
0 28 7
0 1 3
18
23 32
0 15 6
0 8 3
0 41 7
0 31 11
0 14 2
0 37 5
0 3 14
0 0 6
0 32 2
0 35 5
0 1 9
0 34 1
0 24 6
0 39 6
0 15 4
0 11 8
0 29 8
0 40 6
14
40
189001
25
1 19
0 29 5
0 13 10
0 8 4
0 0 11
0 5 7
0 3 3
0 20 8
0 4 5
0 22 7
0 13 10
0 0 12
0 8 13
0 29 6
0 2 8
0 2 7
0 30 6
0 3 2
0 3 8
0 31 9
0 30 11
0 41 11
0 26 1
0 33 2
0 22 9
0 3 3
17
2 70
0 2 7
0 41 7
0 34 5
0 20 11
0 19 4
0 13 3
0 21 1
0 18 7
0 33 10
0 31 6
0 24 8
0 17 13
0 8 4
0 11 12
0 25 4
0 39 6
0 41 6
18
3 41
0 36 4
0 33 4
0 15 6
0 30 8
0 41 3
0 21 5
0 8 0
0 26 9
0 33 8
0 13 5
0 6 3
0 13 9
0 7 2
0 29 7
0 34 4
0 0 4
0 33 6
0 8 2
20
4 42
2 39 2
2 49 9
2 30 11
2 21 7
1 20 9
2 9 10
2 48 7
2 18 8
1 81 15
1 40 6
1 0 8
2 42 1
1 25 11
1 64 2
2 50 9
2 21 13
1 76 10
2 43 11
2 26 4
1 67 7
18
5 72
0 11 5
0 9 9
0 35 12
0 35 5
0 19 5
0 8 1
0 25 4
0 10 8
0 4 6
0 38 11
0 18 7
0 9 5
0 12 4
0 35 0
0 15 10
0 8 3
0 38 3
0 1 6
18
6 33
0 13 6
0 30 6
0 25 10
0 1 12
0 0 6
0 2 0
0 9 14
0 28 4
0 18 8
0 10 0
0 35 10
0 25 2
0 0 9
0 19 7
0 35 4
0 22 6
0 14 5
0 14 9
18
8 34
0 37 9
0 35 7
0 33 7
0 12 4
0 0 7
0 5 9
0 32 5
0 5 3
0 1 6
0 25 5
0 22 13
0 0 8
0 0 10
0 7 6
0 23 10
0 8 10
0 0 9
0 0 8
17
12 10
0 37 10
0 38 10
0 33 8
0 7 1
0 3 8
0 0 3
0 12 3
0 17 7
0 31 7
0 34 4
0 22 6
0 32 2
0 20 4
0 4 8
0 3 5
0 14 7
0 11 6
19
13 18
0 32 7
0 4 5
0 30 10
0 0 5
0 39 6
0 17 7
0 2 9
0 10 1
0 1 7
0 22 1
0 39 4
0 36 12
0 14 3
0 10 4
0 21 12
0 10 2
0 4 7
0 32 6
0 39 4
18
14 91
0 8 4
0 14 2
0 0 9
0 39 12
0 29 5
0 3 7
0 40 9
0 34 6
0 9 1
0 4 12
0 30 5
0 37 7
0 37 6
0 19 7
0 9 10
0 3 12
0 30 9
0 14 5
17
16 72
0 17 8
0 13 5
0 22 10
0 24 2
0 32 5
0 41 8
0 28 8
0 25 7
0 4 0
0 2 10
0 29 13
0 30 3
0 0 9
0 2 7
0 23 12
0 9 5
0 17 6
17
18 37
0 10 7
0 17 7
0 14 9
0 0 5
0 7 6
0 21 7
0 1 2
0 22 3
0 13 1
0 16 3
0 11 6
0 23 12
0 40 3
0 19 11
0 35 5
0 27 13
0 39 8
17
20 76
0 13 4
0 32 5
0 35 4
0 19 8
0 27 8
0 35 12
0 3 10
0 1 7
0 16 4
0 20 5
0 17 6
0 0 5
0 38 5
0 7 4
0 24 7
0 28 7
0 1 3
18
23 32
0 15 6
0 8 3
0 41 7
0 31 11
0 14 2
0 37 5
0 3 14
0 0 6
0 32 2
0 35 5
0 1 9
0 34 1
0 24 6
0 39 6
0 15 4
0 11 8
0 29 8
0 40 6
14
40
189004
25
1 19
0 29 5
0 13 10
0 8 4
0 0 11
0 5 7
0 3 3
0 20 8
0 4 5
0 22 7
0 13 10
0 0 12
0 8 13
0 29 6
0 2 8
0 2 7
0 30 6
0 3 2
0 3 8
0 31 9
0 30 11
0 41 11
0 26 1
0 33 2
0 22 9
0 3 3
17
2 70
0 2 7
0 41 7
0 34 5
0 20 11
0 19 4
0 13 3
0 21 1
0 18 7
0 33 10
0 31 6
0 24 8
0 17 13
0 8 4
0 11 12
0 25 4
0 39 6
0 41 6
18
3 41
0 36 4
0 33 4
0 15 6
0 30 8
0 41 3
0 21 5
0 8 0
0 26 9
0 33 8
0 13 5
0 6 3
0 13 9
0 7 2
0 29 7
0 34 4
0 0 4
0 33 6
0 8 2
20
4 42
2 39 2
2 49 9
2 30 11
2 21 7
1 20 9
2 9 10
2 48 7
2 18 8
1 81 15
1 40 6
1 0 8
2 42 1
1 25 11
1 64 2
2 50 9
2 21 13
1 76 10
2 43 11
2 26 4
1 67 7
18
5 72
0 11 5
0 9 9
0 35 12
0 35 5
0 19 5
0 8 1
0 25 4
0 10 8
0 4 6
0 38 11
0 18 7
0 9 5
0 12 4
0 35 0
0 15 10
0 8 3
0 38 3
0 1 6
18
6 33
0 13 6
0 30 6
0 25 10
0 1 12
0 0 6
0 2 0
0 9 14
0 28 4
0 18 8
0 10 0
0 35 10
0 25 2
0 0 9
0 19 7
0 35 4
0 22 6
0 14 5
0 14 9
18
8 34
0 37 9
0 35 7
0 33 7
0 12 4
0 0 7
0 5 9
0 32 5
0 5 3
0 1 6
0 25 5
0 22 13
0 0 8
0 0 10
0 7 6
0 23 10
0 8 10
0 0 9
0 0 8
17
12 10
0 37 10
0 38 10
0 33 8
0 7 1
0 3 8
0 0 3
0 12 3
0 17 7
0 31 7
0 34 4
0 22 6
0 32 2
0 20 4
0 4 8
0 3 5
0 14 7
0 11 6
19
13 18
0 32 7
0 4 5
0 30 10
0 0 5
0 39 6
0 17 7
0 2 9
0 10 1
0 1 7
0 22 1
0 39 4
0 36 12
0 14 3
0 10 4
0 21 12
0 10 2
0 4 7
0 32 6
0 39 4
18
14 91
0 8 4
0 14 2
0 0 9
0 39 12
0 29 5
0 3 7
0 40 9
0 34 6
0 9 1
0 4 12
0 30 5
0 37 7
0 37 6
0 19 7
0 9 10
0 3 12
0 30 9
0 14 5
17
16 72
0 17 8
0 13 5
0 22 10
0 24 2
0 32 5
0 41 8
0 28 8
0 25 7
0 4 0
0 2 10
0 29 13
0 30 3
0 0 9
0 2 7
0 23 12
0 9 5
0 17 6
17
18 37
0 10 7
0 17 7
0 14 9
0 0 5
0 7 6
0 21 7
0 1 2
0 22 3
0 13 1
0 16 3
0 11 6
0 23 12
0 40 3
0 19 11
0 35 5
0 27 13
0 39 8
17
20 76
0 13 4
0 32 5
0 35 4
0 19 8
0 27 8
0 35 12
0 3 10
0 1 7
0 16 4
0 20 5
0 17 6
0 0 5
0 38 5
0 7 4
0 24 7
0 28 7
0 1 3
18
23 32
0 15 6
0 8 3
0 41 7
0 31 11
0 14 2
0 37 5
0 3 14
0 0 6
0 32 2
0 35 5
0 1 9
0 34 1
0 24 6
0 39 6
0 15 4
0 11 8
0 29 8
0 40 6
14
40
189006
25
1 19
0 29 5
0 13 10
0 8 4
0 0 11
0 5 7
0 3 3
0 20 8
0 4 5
0 22 7
0 13 10
0 0 12
0 8 13
0 29 6
0 2 8
0 2 7
0 30 6
0 3 2
0 3 8
0 31 9
0 30 11
0 41 11
0 26 1
0 33 2
0 22 9
0 3 3
17
2 70
0 2 7
0 41 7
0 34 5
0 20 11
0 19 4
0 13 3
0 21 1
0 18 7
0 33 10
0 31 6
0 24 8
0 17 13
0 8 4
0 11 12
0 25 4
0 39 6
0 41 6
18
3 41
0 36 4
0 33 4
0 15 6
0 30 8
0 41 3
0 21 5
0 8 0
0 26 9
0 33 8
0 13 5
0 6 3
0 13 9
0 7 2
0 29 7
0 34 4
0 0 4
0 33 6
0 8 2
20
4 42
2 39 2
2 49 9
2 30 11
2 21 7
1 20 9
2 9 10
2 48 7
2 18 8
1 81 15
1 40 6
1 0 8
2 42 1
1 25 11
1 64 2
2 50 9
2 21 13
1 76 10
2 43 11
2 26 4
1 67 7
18
5 72
0 11 5
0 9 9
0 35 12
0 35 5
0 19 5
0 8 1
0 25 4
0 10 8
0 4 6
0 38 11
0 18 7
0 9 5
0 12 4
0 35 0
0 15 10
0 8 3
0 38 3
0 1 6
18
6 33
0 13 6
0 30 6
0 25 10
0 1 12
0 0 6
0 2 0
0 9 14
0 28 4
0 18 8
0 10 0
0 35 10
0 25 2
0 0 9
0 19 7
0 35 4
0 22 6
0 14 5
0 14 9
18
8 34
0 37 9
0 35 7
0 33 7
0 12 4
0 0 7
0 5 9
0 32 5
0 5 3
0 1 6
0 25 5
0 22 13
0 0 8
0 0 10
0 7 6
0 23 10
0 8 10
0 0 9
0 0 8
17
12 10
0 37 10
0 38 10
0 33 8
0 7 1
0 3 8
0 0 3
0 12 3
0 17 7
0 31 7
0 34 4
0 22 6
0 32 2
0 20 4
0 4 8
0 3 5
0 14 7
0 11 6
19
13 18
0 32 7
0 4 5
0 30 10
0 0 5
0 39 6
0 17 7
0 2 9
0 10 1
0 1 7
0 22 1
0 39 4
0 36 12
0 14 3
0 10 4
0 21 12
0 10 2
0 4 7
0 32 6
0 39 4
18
14 91
0 8 4
0 14 2
0 0 9
0 39 12
0 29 5
0 3 7
0 40 9
0 34 6
0 9 1
0 4 12
0 30 5
0 37 7
0 37 6
0 19 7
0 9 10
0 3 12
0 30 9
0 14 5
17
16 72
0 17 8
0 13 5
0 22 10
0 24 2
0 32 5
0 41 8
0 28 8
0 25 7
0 4 0
0 2 10
0 29 13
0 30 3
0 0 9
0 2 7
0 23 12
0 9 5
0 17 6
17
18 37
0 10 7
0 17 7
0 14 9
0 0 5
0 7 6
0 21 7
0 1 2
0 22 3
0 13 1
0 16 3
0 11 6
0 23 12
0 40 3
0 19 11
0 35 5
0 27 13
0 39 8
17
20 76
0 13 4
0 32 5
0 35 4
0 19 8
0 27 8
0 35 12
0 3 10
0 1 7
0 16 4
0 20 5
0 17 6
0 0 5
0 38 5
0 7 4
0 24 7
0 28 7
0 1 3
18
23 32
0 15 6
0 8 3
0 41 7
0 31 11
0 14 2
0 37 5
0 3 14
0 0 6
0 32 2
0 35 5
0 1 9
0 34 1
0 24 6
0 39 6
0 15 4
0 11 8
0 29 8
0 40 6
