3
4
40
48026
16
15 26
0 27 7
2 74 8
2 18 6
2 67 9
1 45 4
2 66 4
2 82 13
1 47 10
2 49 5
0 25 5
0 0 6
1 64 13
2 63 15
2 14 6
0 26 2
0 21 4
16
17 75
2 45 2
2 57 6
1 70 15
1 74 6
1 76 10
1 71 16
2 41 8
1 20 4
1 63 8
2 31 1
2 72 4
2 2 8
1 7 13
2 25 8
0 38 4
0 40 11
17
19 53
0 4 6
0 0 8
0 16 0
0 19 6
0 0 7
0 28 1
0 10 1
0 26 10
0 0 3
0 19 3
0 9 5
0 4 0
0 0 11
0 6 7
0 32 3
0 1 0
0 19 13
16
23 43
0 19 9
0 12 9
0 18 11
0 6 14
1 73 9
1 83 3
1 21 5
2 73 1
1 57 15
2 17 13
1 75 7
1 82 7
1 57 15
1 56 7
0 39 12
0 35 9
4
40
48087
16
15 26
0 27 7
2 74 8
2 18 6
2 67 9
1 45 4
2 66 4
2 82 13
1 47 10
2 49 5
0 25 5
0 0 6
0 19 6
0 25 7
0 17 7
0 26 2
0 21 4
16
17 36
1 3 9
2 22 12
1 54 9
1 52 5
1 31 2
1 71 9
1 68 7
1 0 9
1 80 3
1 19 12
2 49 7
0 19 2
0 27 0
0 17 7
0 38 4
0 40 11
17
19 53
0 4 6
0 0 8
0 16 0
0 19 6
0 0 7
0 28 1
0 10 1
0 26 10
0 0 3
0 19 3
0 9 5
0 7 4
0 38 9
0 6 4
0 32 3
0 1 0
0 19 13
16
23 43
0 19 9
0 12 9
0 18 11
0 6 14
1 73 9
1 83 3
1 21 5
2 73 1
1 57 15
2 17 13
1 75 7
0 39 3
0 19 7
0 16 8
0 39 12
0 35 9
4
40
48920
16
15 26
0 27 7
2 74 8
2 18 6
2 67 9
1 45 4
2 66 4
2 82 13
1 47 10
2 49 5
0 25 5
0 0 6
1 64 13
2 63 15
2 14 6
2 73 11
2 68 9
16
17 75
2 45 2
2 57 6
1 70 15
1 74 6
1 76 10
1 71 16
2 41 8
1 20 4
1 63 8
2 31 1
2 72 4
1 57 4
2 73 10
2 62 6
1 83 12
2 78 9
17
19 53
0 4 6
0 0 8
0 16 0
0 19 6
0 0 7
0 28 1
0 10 1
0 26 10
0 0 3
0 19 3
0 9 5
0 4 0
0 0 11
0 6 7
0 27 8
0 0 9
0 18 10
21
23 43
0 19 9
0 12 9
0 18 11
0 6 14
1 73 9
1 83 3
1 21 5
2 73 1
1 57 15
2 17 13
1 75 7
1 82 7
1 55 2
2 9 9
1 75 8
1 76 3
2 39 5
2 67 5
2 53 8
2 2 14
1 41 3
