0 579609 870030 187364 5196
1 459073 1031238 319518 3658
2 623251 1028869 268843 3280
3 410822 676113 237616 3235
4 273145 387195 169747 1469
5 195751 270826 111430 1218
6 131732 197555 65251 1019
7 83866 128536 67068 841
8 140370 287530 66378 1621
9 81622 130500 63958 1054
10 96438 213232 62984 1688
11 126879 206020 64856 1870
12 80246 129960 61779 1451
13 78350 120340 60866 1355
14 80365 127972 62195 1467
15 79203 121629 61940 1421
16 80529 129146 61022 1505
17 77791 122647 61022 1402
18 82623 159168 62374 1605
19 79549 125382 63029 1428
