0
0
0
0
6
1
[4, 2, 32, 5, 1]
[2, 4, 11, 6, 2]
[7, 3, 86, 2, 0]
[6, 6, 7, 7, 2]
[2, 2, 74, 0, 3]
[6, 2, 36, 6, 0]
[4, 1, 25, 2, 4]
[0, 3, 41, 7, 7]
[1, 7, 75, 2, 2]
[5, 2, 19, 7, 5]

8
3
[7, 7, 62, 3, 2]
[5, 5, 33, 0, 2]
[5, 5, 73, 0, 0]
[7, 5, 25, 6, 3]
[6, 5, 83, 6, 3]
[4, 2, 49, 2, 3]
[6, 5, 1, 6, 7]
[3, 0, 26, 4, 3]
[7, 1, 46, 1, 4]
[4, 1, 20, 0, 3]
*
1
0
0
0
4
0
[3, 7, 22, 1, 7]
[0, 6, 44, 5, 3]
[3, 3, 74, 2, 1]
[5, 2, 32, 3, 6]
[0, 6, 50, 2, 2]
[7, 7, 12, 4, 3]
[1, 2, 62, 4, 2]
[4, 7, 21, 2, 2]
[0, 1, 49, 4, 0]
[1, 7, 72, 0, 0]

5
8
[6, 6, 62, 0, 6]
[4, 3, 11, 0, 0]
[5, 2, 63, 0, 2]
[3, 6, 62, 0, 2]
[4, 1, 63, 5, 5]
[0, 5, 57, 1, 7]
[1, 5, 37, 4, 6]
[3, 4, 52, 2, 3]
[5, 7, 50, 3, 1]
[3, 4, 23, 2, 2]
*
2
0
0
0
6
5
[0, 4, 33, 3, 2]
[5, 0, 21, 4, 7]
[4, 1, 84, 6, 0]
[7, 2, 2, 0, 1]
[3, 0, 56, 6, 7]
[5, 6, 55, 3, 0]
[0, 0, 54, 7, 7]
[3, 1, 16, 0, 5]
[4, 5, 23, 0, 3]
[3, 1, 78, 6, 1]

9
7
[0, 6, 48, 6, 0]
[3, 7, 50, 1, 5]
[2, 4, 66, 3, 7]
[0, 2, 52, 2, 2]
[4, 7, 64, 2, 3]
[5, 3, 53, 3, 4]
[6, 0, 2, 7, 6]
[1, 5, 46, 7, 2]
[7, 1, 31, 6, 4]
[4, 1, 3, 7, 6]
*
3
0
0
0
5
8
[6, 0, 24, 6, 5]
[6, 4, 57, 3, 5]
[3, 5, 37, 5, 0]
[3, 6, 44, 4, 4]
[4, 2, 3, 3, 1]
[7, 0, 30, 6, 7]
[3, 0, 83, 7, 1]
[0, 5, 30, 1, 3]
[7, 5, 59, 7, 4]
[5, 5, 33, 2, 0]

7
3
[5, 4, 58, 2, 6]
[1, 4, 82, 6, 7]
[1, 7, 46, 0, 1]
[2, 4, 66, 2, 1]
[1, 2, 66, 6, 0]
[0, 0, 69, 0, 0]
[2, 7, 45, 3, 1]
[1, 6, 15, 7, 1]
[4, 5, 48, 2, 3]
[2, 3, 27, 0, 7]
*
4
0
0
0
3
3
[0, 2, 68, 6, 5]
[2, 5, 35, 0, 5]
[1, 7, 33, 1, 4]
[3, 3, 33, 3, 4]
[5, 1, 55, 1, 7]
[5, 7, 15, 3, 0]
[5, 4, 75, 7, 1]
[4, 6, 22, 0, 6]
[5, 4, 60, 3, 0]
[5, 2, 56, 1, 4]
*
5
0
0
0
2
6
[7, 2, 11, 7, 1]
[3, 3, 25, 5, 6]
[4, 3, 2, 5, 6]
[6, 4, 19, 6, 4]
[5, 7, 90, 5, 0]
[6, 7, 71, 4, 6]
[1, 6, 49, 2, 5]
[6, 1, 2, 3, 3]
[3, 3, 69, 4, 1]
[4, 3, 17, 6, 4]

6
6
[1, 0, 60, 0, 7]
[3, 4, 72, 0, 3]
[4, 5, 38, 1, 6]
[6, 2, 48, 6, 3]
[7, 1, 78, 5, 5]
[5, 7, 81, 5, 5]
[5, 3, 81, 0, 2]
[6, 3, 74, 3, 0]
[5, 0, 51, 6, 3]
[5, 6, 87, 6, 1]
*
6
0
0
0
1
6
[2, 2, 89, 3, 3]
[6, 2, 25, 5, 6]
[5, 6, 36, 1, 7]
[6, 2, 53, 5, 4]
[0, 6, 29, 7, 4]
[6, 2, 94, 1, 7]
[6, 2, 62, 3, 0]
[5, 5, 75, 5, 3]
[6, 0, 52, 0, 3]
[1, 0, 59, 5, 5]

6
4
[1, 7, 33, 4, 7]
[7, 6, 26, 7, 1]
[3, 1, 69, 0, 6]
[7, 3, 37, 4, 5]
[6, 4, 6, 1, 3]
[0, 5, 42, 2, 4]
[2, 1, 17, 6, 1]
[3, 1, 87, 3, 7]
[2, 4, 45, 7, 6]
[5, 0, 60, 2, 3]
*
7
0
0
0
7
7
[1, 3, 18, 3, 6]
[6, 5, 66, 2, 2]
[0, 3, 72, 3, 0]
[7, 5, 32, 5, 3]
[0, 0, 8, 7, 6]
[7, 3, 95, 3, 4]
[2, 6, 53, 7, 5]
[2, 6, 7, 4, 5]
[6, 0, 20, 0, 5]
[7, 3, 45, 5, 4]

9
5
[2, 6, 71, 1, 3]
[5, 7, 27, 2, 7]
[7, 6, 28, 3, 7]
[0, 1, 5, 0, 1]
[3, 4, 48, 1, 2]
[2, 6, 27, 7, 4]
[1, 3, 95, 3, 4]
[4, 3, 51, 3, 0]
[4, 2, 20, 1, 2]
[0, 6, 48, 0, 6]
*
8
0
0
0
3
6
[6, 1, 3, 7, 4]
[3, 3, 60, 3, 6]
[6, 4, 25, 1, 0]
[5, 2, 77, 6, 6]
[1, 3, 56, 6, 6]
[3, 2, 89, 5, 3]
[1, 3, 22, 2, 3]
[6, 6, 48, 3, 5]
[4, 1, 12, 6, 1]
[3, 6, 77, 2, 3]

9
7
[3, 6, 92, 1, 0]
[4, 3, 70, 5, 6]
[0, 2, 50, 6, 0]
[3, 7, 76, 0, 5]
[7, 0, 45, 1, 1]
[6, 3, 11, 3, 5]
[1, 2, 3, 2, 6]
[3, 6, 6, 0, 2]
[5, 5, 44, 7, 0]
[4, 7, 79, 1, 1]
*
9
0
0
0
5
2
[7, 7, 34, 2, 0]
[1, 4, 68, 3, 6]
[7, 1, 17, 3, 0]
[6, 4, 83, 3, 5]
[4, 1, 69, 7, 4]
[7, 6, 40, 3, 6]
[6, 2, 37, 2, 6]
[0, 1, 15, 3, 2]
[2, 3, 56, 3, 5]
[0, 7, 65, 6, 7]

7
0
[4, 4, 84, 5, 2]
[1, 2, 83, 6, 7]
[3, 7, 66, 2, 1]
[4, 7, 88, 7, 6]
[2, 2, 58, 2, 5]
[4, 7, 0, 4, 5]
[5, 6, 9, 5, 2]
[6, 6, 94, 6, 1]
[1, 0, 48, 5, 0]
[2, 6, 76, 2, 2]