0
6
1
5 32 7
4 11 10
7 86 5
8 7 13
5 74 2
6 36 8
8 25 3
7 41 10
3 75 9
10 19 9
%
8
3
9 62 10
7 33 5
5 73 5
10 25 11
9 83 11
7 49 4
13 1 11
6 26 4
11 46 2
7 20 1
*
1
4
0
10 22 8
3 44 11
4 74 5
11 32 5
2 50 8
10 12 11
3 62 6
6 21 9
0 49 5
1 72 7
%
5
8
12 62 6
4 11 3
7 63 2
5 62 6
9 63 6
7 57 6
7 37 9
6 52 6
6 50 10
5 23 6
*
2
6
5
2 33 7
12 21 4
4 84 7
8 2 2
10 56 6
5 55 9
7 54 7
8 16 1
7 23 5
4 78 7
%
9
7
0 48 12
8 50 8
9 66 7
2 52 4
7 64 9
9 53 6
12 2 7
3 46 12
11 31 7
10 3 8
*
3
5
8
11 24 6
11 57 7
3 37 10
7 44 10
5 3 5
14 30 6
4 83 7
3 30 6
11 59 12
5 33 7
%
7
3
11 58 6
8 82 10
2 46 7
3 66 6
1 66 8
0 69 0
3 45 10
2 15 13
7 48 7
9 27 3
*
4
3
3
5 68 8
7 35 5
5 33 8
7 33 6
12 55 2
5 15 10
6 75 11
10 22 6
5 60 7
9 56 3
*
5
2
6
8 11 9
9 25 8
10 2 8
10 19 10
5 90 12
12 71 11
6 49 8
9 2 4
4 69 7
8 17 9
%
6
6
8 60 0
6 72 4
10 38 6
9 48 8
12 78 6
10 81 12
7 81 3
6 74 6
8 51 6
6 87 12
*
6
1
6
5 89 5
12 25 7
12 36 7
10 53 7
4 29 13
13 94 3
6 62 5
8 75 10
9 52 0
6 59 5
%
6
4
8 33 11
8 26 13
9 69 1
12 37 7
9 6 5
4 42 7
3 17 7
10 87 4
8 45 11
8 60 2
*
7
7
7
7 18 6
8 66 7
0 72 6
10 32 10
6 8 7
11 95 6
7 53 13
7 7 10
11 20 0
11 45 8
%
9
5
5 71 7
12 27 9
14 28 9
1 5 1
5 48 5
6 27 13
5 95 6
4 51 6
6 20 3
6 48 6
*
8
3
6
10 3 8
9 60 6
6 25 5
11 77 8
7 56 9
6 89 7
4 22 5
11 48 9
5 12 7
6 77 8
%
9
7
3 92 7
10 70 8
0 50 8
8 76 7
8 45 1
11 11 6
7 3 4
5 6 6
5 44 12
5 79 8
*
9
5
2
7 34 9
7 68 7
7 17 4
11 83 7
8 69 8
13 40 9
12 37 4
2 15 4
7 56 6
7 65 13
%
7
0
6 84 9
8 83 8
4 66 9
10 88 14
7 58 4
9 0 11
7 9 11
7 94 12
1 48 5
4 76 8
*
