5
0
0
0
5
6
[9, 8, 6, 6, 4]
[7, 4, 53, 10, 5]
[6, 10, 8, 5, 11]
[7, 5, 65, 9, 9]
[10, 8, 68, 9, 6]

8
9
[12, 6, 10, 7, 7]
[7, 2, 51, 12, 10]
[12, 6, 36, 13, 10]
[10, 4, 85, 6, 13]
[10, 6, 50, 7, 8]
*
6
0
0
0
5
6
[9, 8, 6, 6, 4]
[7, 4, 53, 10, 5]
[6, 10, 8, 5, 11]
[7, 5, 65, 9, 9]
[10, 8, 68, 9, 6]

7
5
[9, 9, 60, 7, 11]
[6, 9, 91, 4, 10]
[12, 7, 42, 5, 9]
[8, 6, 9, 1, 10]
[4, 10, 54, 10, 10]
*
7
0
0
0
2
0
[5, 7, 27, 4, 4]
[8, 8, 93, 2, 7]
[4, 9, 77, 4, 10]
[11, 7, 89, 6, 9]
[10, 8, 37, 9, 10]

8
9
[12, 6, 10, 7, 7]
[7, 2, 51, 12, 10]
[12, 6, 36, 13, 10]
[10, 4, 85, 6, 13]
[10, 6, 50, 7, 8]
*
8
0
0
0
2
0
[5, 7, 27, 4, 4]
[8, 8, 93, 2, 7]
[4, 9, 77, 4, 10]
[11, 7, 89, 6, 9]
[10, 8, 37, 9, 10]

8
9
[12, 6, 10, 7, 7]
[7, 2, 51, 12, 10]
[12, 6, 36, 13, 10]
[10, 4, 85, 6, 13]
[10, 6, 50, 7, 8]
*
9
0
0
0
7
5
[9, 9, 60, 7, 11]
[6, 9, 91, 4, 10]
[12, 7, 42, 5, 9]
[8, 6, 9, 1, 10]
[4, 10, 54, 10, 10]